1 5988
2 5989
3 5982
4 5983
5 5980
6 5981
7 5986
8 5987
9 5984
10 5985
11 270
12 271
13 272
14 273
15 274
16 275
17 276
18 277
19 278
20 279
21 2143
22 2142
23 3519
24 3518
25 3513
26 3512
27 3511
28 3510
29 3517
30 3516
31 3515
32 3514
33 2688
34 2689
35 2684
36 2685
37 2686
38 2687
39 2680
40 2681
41 2682
42 2683
43 99
44 98
45 91
46 90
47 93
48 92
49 95
50 94
51 97
52 96
53 1177
54 1176
55 1175
56 1174
57 1173
58 1172
59 1171
60 1170
61 1179
62 1178
63 876
64 877
65 3432
66 623
67 875
68 622
69 872
70 1225
71 3435
72 620
73 870
74 627
75 871
76 626
77 4592
78 625
79 2036
80 624
81 4590
82 4591
83 4596
84 4849
85 4594
86 4595
87 2749
88 4845
89 4598
90 4599
91 4734
92 4735
93 2039
94 4843
95 4738
96 4739
97 393
98 392
99 391
100 390
101 397
102 396
103 395
104 394
105 399
106 398
107 2309
108 2308
109 4729
110 4728
111 2301
112 2300
113 2303
114 2302
115 2305
116 2304
117 2307
118 2306
119 5847
120 5846
121 5845
122 5844
123 5843
124 5842
125 5841
126 5840
127 5849
128 5848
129 3748
130 3749
131 3746
132 3747
133 3744
134 3745
135 3742
136 3743
137 3740
138 3741
139 4620
140 4621
141 4622
142 4623
143 4624
144 4625
145 4626
146 4627
147 4628
148 4629
149 179
150 178
151 177
152 176
153 175
154 174
155 173
156 172
157 171
158 170
159 1768
160 1769
161 1762
162 1763
163 1760
164 1761
165 1766
166 1767
167 1764
168 1765
169 692
170 693
171 690
172 691
173 696
174 697
175 694
176 695
177 698
178 699
179 1548
180 1549
181 5618
182 5619
183 5612
184 5613
185 5610
186 5611
187 5616
188 5617
189 5614
190 5615
191 3580
192 258
193 259
194 252
195 253
196 250
197 251
198 256
199 257
200 254
201 255
202 4665
203 3689
204 3688
205 3683
206 3682
207 3681
208 3680
209 3687
210 3686
211 3685
212 3684
213 2518
214 2519
215 2514
216 2515
217 2516
218 2517
219 2510
220 2511
221 2512
222 2513
223 3531
224 3530
225 3533
226 3532
227 3535
228 3534
229 3537
230 3536
231 5054
232 3538
233 5056
234 5057
235 5050
236 5051
237 5052
238 5053
239 1159
240 1158
241 1155
242 1154
243 1157
244 1156
245 1151
246 1150
247 1153
248 1152
249 4299
250 4298
251 4295
252 4294
253 4297
254 4296
255 4291
256 4290
257 4293
258 4292
259 4749
260 4748
261 1324
262 4743
263 4742
264 4741
265 4740
266 4747
267 4746
268 4745
269 4744
270 5869
271 5868
272 5865
273 5864
274 5867
275 5866
276 5861
277 5860
278 5863
279 5862
280 2183
281 2182
282 2181
283 2180
284 2187
285 2186
286 2185
287 2184
288 4606
289 4607
290 2189
291 2188
292 4602
293 4603
294 4600
295 4601
296 151
297 150
298 153
299 152
300 155
301 154
302 157
303 156
304 159
305 158
306 2727
307 2726
308 2725
309 2724
310 2723
311 2722
312 2721
313 2720
314 2729
315 2728
316 818
317 819
318 810
319 811
320 812
321 813
322 814
323 815
324 816
325 817
326 1700
327 1701
328 5265
329 5264
330 1704
331 1705
332 1706
333 1707
334 1708
335 1709
336 2097
337 5269
338 5268
339 2096
340 4574
341 4575
342 2093
343 4577
344 3959
345 3029
346 3028
347 3027
348 3026
349 3025
350 3024
351 3023
352 3022
353 3021
354 3020
355 4198
356 4199
357 4196
358 4197
359 4194
360 4195
361 4192
362 4193
363 4190
364 4191
365 5670
366 5671
367 5672
368 5673
369 5674
370 5675
371 5676
372 5677
373 5678
374 5679
375 473
376 238
377 239
378 234
379 235
380 236
381 237
382 230
383 231
384 232
385 233
386 4680
387 4681
388 2538
389 2539
390 2532
391 2533
392 2530
393 2531
394 2536
395 2537
396 2534
397 2535
398 5078
399 5079
400 5072
401 5073
402 5070
403 5071
404 5076
405 5077
406 5074
407 5075
408 939
409 938
410 933
411 932
412 931
413 930
414 937
415 936
416 935
417 934
418 5380
419 5381
420 5382
421 5383
422 5384
423 5385
424 5386
425 5387
426 5388
427 5389
428 797
429 796
430 795
431 794
432 793
433 792
434 791
435 790
436 2145
437 799
438 798
439 2144
440 2415
441 2414
442 1139
443 1138
444 2141
445 1133
446 1132
447 1131
448 1130
449 1137
450 1136
451 1135
452 1134
453 2419
454 4975
455 2149
456 2148
457 2882
458 2883
459 2880
460 2881
461 2886
462 2887
463 2884
464 2885
465 1072
466 2888
467 2889
468 2
469 3276
470 3277
471 1922
472 1923
473 1924
474 3273
475 1926
476 1927
477 4761
478 4760
479 4763
480 4762
481 4765
482 4764
483 4767
484 4766
485 4769
486 4768
487 5809
488 5808
489 5803
490 5802
491 5801
492 5800
493 5807
494 5806
495 5805
496 5804
497 1573
498 1572
499 1571
500 1570
501 1577
502 1576
503 1575
504 1574
505 4888
506 4889
507 2709
508 2708
509 4880
510 4881
511 4882
512 2706
513 2701
514 2700
515 2703
516 4887
517 2411
518 475
519 3474
520 3475
521 3476
522 3477
523 3470
524 3471
525 3472
526 3473
527 838
528 839
529 3478
530 3479
531 5249
532 5248
533 1728
534 1729
535 1726
536 5244
537 5247
538 5246
539 1722
540 1723
541 1720
542 1721
543 5626
544 3005
545 3004
546 3007
547 3006
548 3001
549 3000
550 3003
551 3002
552 3009
553 3008
554 1588
555 1589
556 1582
557 1583
558 1580
559 1581
560 1586
561 1587
562 1584
563 1585
564 5481
565 5480
566 5658
567 5659
568 5656
569 5657
570 5654
571 2416
572 5652
573 5653
574 5650
575 5651
576 3917
577 3916
578 3915
579 3914
580 3913
581 3912
582 3911
583 3910
584 3919
585 3918
586 3287
587 216
588 217
589 214
590 215
591 212
592 213
593 210
594 211
595 218
596 219
597 3649
598 3648
599 3647
600 3646
601 3645
602 3644
603 3643
604 3642
605 3641
606 3640
607 2550
608 2551
609 2552
610 2553
611 2554
612 2555
613 2556
614 2557
615 2558
616 2559
617 5010
618 5011
619 5012
620 5013
621 5014
622 5015
623 5016
624 5017
625 5018
626 5019
627 4419
628 4418
629 4417
630 4416
631 4415
632 4414
633 4413
634 4412
635 4411
636 4410
637 919
638 918
639 915
640 914
641 917
642 916
643 911
644 910
645 913
646 912
647 630
648 631
649 632
650 1211
651 634
652 635
653 1214
654 1215
655 1111
656 1110
657 1113
658 1112
659 1115
660 1114
661 1117
662 1440
663 1119
664 1118
665 1449
666 1448
667 4859
668 2005
669 4857
670 4584
671 2008
672 4854
673 4581
674 4580
675 4725
676 4583
677 4724
678 4582
679 4727
680 4726
681 4721
682 4720
683 4723
684 4789
685 4788
686 4787
687 4786
688 4785
689 4722
690 4783
691 4782
692 4781
693 4780
694 5821
695 5820
696 5823
697 5822
698 5825
699 5824
700 5827
701 5826
702 5829
703 5828
704 1182
705 199
706 198
707 195
708 194
709 197
710 196
711 191
712 190
713 193
714 192
715 2769
716 2768
717 2763
718 2762
719 2761
720 2760
721 2767
722 2766
723 2765
724 2764
725 1183
726 3452
727 3453
728 3450
729 3451
730 3456
731 3457
732 3454
733 3455
734 3458
735 3459
736 858
737 859
738 6
739 5229
740 5228
741 5223
742 5222
743 5221
744 5220
745 5227
746 5226
747 5225
748 5224
749 4588
750 3063
751 3062
752 3061
753 3060
754 3067
755 3066
756 3065
757 3064
758 3069
759 3068
760 4817
761 4816
762 1304
763 1305
764 1306
765 1307
766 1300
767 1301
768 1302
769 1303
770 1308
771 1309
772 498
773 499
774 494
775 495
776 496
777 497
778 490
779 491
780 492
781 493
782 3939
783 3938
784 3935
785 3934
786 3937
787 3936
788 3931
789 3930
790 3933
791 3932
792 3265
793 4044
794 4045
795 4046
796 4047
797 4040
798 4041
799 4042
800 4043
801 4048
802 4049
803 3665
804 3664
805 3667
806 3666
807 3661
808 3660
809 3663
810 3662
811 3669
812 3668
813 5582
814 446
815 2578
816 2579
817 2576
818 2577
819 2574
820 2575
821 2572
822 2573
823 2570
824 2571
825 3593
826 3592
827 3591
828 3590
829 3597
830 3596
831 5038
832 3594
833 5036
834 5037
835 5034
836 5035
837 5032
838 5033
839 5030
840 5031
841 4435
842 4434
843 4437
844 4436
845 4431
846 4430
847 4433
848 4432
849 4439
850 4438
851 977
852 976
853 975
854 974
855 973
856 972
857 971
858 970
859 979
860 978
861 3386
862 3387
863 3384
864 5417
865 5410
866 5411
867 5412
868 5413
869 1681
870 1680
871 1683
872 1682
873 1685
874 1684
875 1687
876 1686
877 1689
878 1688
879 653
880 1469
881 1468
882 1465
883 1464
884 1467
885 1466
886 1461
887 1460
888 1463
889 1462
890 4239
891 4238
892 4237
893 4236
894 4235
895 4234
896 4233
897 4232
898 4231
899 4230
900 5591
901 5590
902 5593
903 5592
904 5595
905 5594
906 5597
907 5596
908 5599
909 5598
910 3035
911 319
912 318
913 313
914 312
915 311
916 310
917 317
918 316
919 315
920 314
921 4213
922 443
923 442
924 441
925 440
926 447
927 4218
928 445
929 444
930 2299
931 2298
932 2293
933 2292
934 2291
935 2290
936 2297
937 2296
938 2295
939 2294
940 5578
941 5574
942 5572
943 4672
944 3438
945 3439
946 878
947 879
948 3430
949 3431
950 874
951 3433
952 3434
953 873
954 3436
955 3437
956 2741
957 2740
958 2743
959 2742
960 2745
961 2744
962 2747
963 2746
964 4844
965 2748
966 4846
967 4847
968 4840
969 4841
970 4842
971 2038
972 5201
973 5200
974 5203
975 5202
976 5205
977 5204
978 5207
979 5206
980 5209
981 5208
982 3049
983 3048
984 3041
985 3040
986 3043
987 3042
988 3045
989 3044
990 3047
991 3046
992 1094
993 1095
994 1096
995 1097
996 1090
997 1091
998 1092
999 1093
1000 1912
1001 1098
1002 1099
1003 1915
1004 1322
1005 1323
1006 1320
1007 1321
1008 1326
1009 1327
1010 1914
1011 1325
1012 1328
1013 1329
1014 1916
1015 3958
1016 3953
1017 3952
1018 3951
1019 3950
1020 3957
1021 3956
1022 3955
1023 3954
1024 1546
1025 4062
1026 4063
1027 4060
1028 4061
1029 4066
1030 4067
1031 4064
1032 4065
1033 4068
1034 4069
1035 5784
1036 5785
1037 5786
1038 5787
1039 5780
1040 5781
1041 5782
1042 5783
1043 5788
1044 5789
1045 3603
1046 3602
1047 3601
1048 3600
1049 3607
1050 3606
1051 3605
1052 3604
1053 3609
1054 3608
1055 4593
1056 4453
1057 4452
1058 4451
1059 4450
1060 4457
1061 4456
1062 4455
1063 4454
1064 4459
1065 4458
1066 959
1067 958
1068 951
1069 950
1070 953
1071 952
1072 955
1073 954
1074 957
1075 956
1076 717
1077 4969
1078 4968
1079 716
1080 2178
1081 4964
1082 1669
1083 1668
1084 1667
1085 1666
1086 1665
1087 1664
1088 1663
1089 1662
1090 1661
1091 1660
1092 591
1093 590
1094 593
1095 592
1096 595
1097 594
1098 597
1099 596
1100 599
1101 598
1102 2828
1103 2829
1104 2824
1105 2825
1106 2826
1107 2827
1108 2820
1109 2821
1110 2822
1111 2823
1112 5414
1113 5415
1114 5416
1115 3385
1116 3382
1117 3383
1118 3380
1119 3381
1120 5418
1121 5419
1122 3388
1123 3389
1124 1409
1125 1408
1126 1403
1127 1402
1128 1401
1129 1400
1130 1407
1131 1406
1132 1405
1133 1404
1134 4215
1135 4214
1136 4217
1137 4216
1138 4211
1139 4210
1140 1491
1141 4212
1142 5790
1143 4219
1144 1544
1145 1545
1146 1542
1147 1543
1148 3261
1149 1540
1150 5579
1151 3260
1152 5577
1153 5576
1154 5575
1155 1541
1156 5573
1157 3263
1158 5571
1159 5570
1160 3262
1161 5799
1162 1937
1163 5798
1164 3264
1165 339
1166 3267
1167 335
1168 334
1169 337
1170 3266
1171 331
1172 330
1173 333
1174 332
1175 3269
1176 5125
1177 5126
1178 5127
1179 5002
1180 3195
1181 3200
1182 1497
1183 3416
1184 3417
1185 3414
1186 3415
1187 3412
1188 3413
1189 3410
1190 3411
1191 3418
1192 3419
1193 4868
1194 4869
1195 2019
1196 2018
1197 2015
1198 2014
1199 2017
1200 2016
1201 2011
1202 2010
1203 2013
1204 4865
1205 458
1206 1349
1207 450
1208 451
1209 1342
1210 453
1211 454
1212 455
1213 1346
1214 1347
1215 832
1216 833
1217 752
1218 4008
1219 4009
1220 4000
1221 4001
1222 4002
1223 4003
1224 4004
1225 4005
1226 4006
1227 4007
1228 3971
1229 3970
1230 3973
1231 3972
1232 3975
1233 3974
1234 3977
1235 3976
1236 3979
1237 3978
1238 3629
1239 3628
1240 3621
1241 3620
1242 3623
1243 3622
1244 3625
1245 3624
1246 3627
1247 3626
1248 4479
1249 4478
1250 2955
1251 4471
1252 4470
1253 4473
1254 4472
1255 4475
1256 4474
1257 4477
1258 4476
1259 2953
1260 2464
1261 2465
1262 2466
1263 2467
1264 2460
1265 2461
1266 2462
1267 2463
1268 2468
1269 2469
1270 1026
1271 1021
1272 1020
1273 1023
1274 5343
1275 5348
1276 5349
1277 1645
1278 1644
1279 1647
1280 1646
1281 1641
1282 1640
1283 1643
1284 1642
1285 1649
1286 1648
1287 579
1288 578
1289 573
1290 572
1291 571
1292 570
1293 577
1294 576
1295 575
1296 574
1297 2808
1298 2809
1299 2802
1300 2803
1301 2800
1302 2801
1303 2806
1304 2807
1305 2804
1306 2805
1307 5432
1308 5433
1309 1423
1310 5431
1311 5436
1312 5437
1313 5434
1314 5435
1315 3364
1316 3365
1317 5438
1318 5439
1319 3360
1320 3361
1321 3362
1322 3363
1323 4273
1324 4272
1325 4271
1326 4270
1327 4277
1328 4276
1329 4275
1330 4274
1331 1201
1332 4279
1333 4278
1334 1200
1335 5555
1336 4862
1337 5557
1338 5556
1339 5551
1340 5550
1341 5553
1342 4863
1343 5559
1344 4860
1345 4861
1346 4866
1347 4867
1348 4864
1349 2012
1350 5129
1351 5883
1352 5882
1353 5881
1354 5880
1355 5887
1356 5886
1357 5885
1358 5884
1359 5889
1360 5888
1361 5873
1362 5875
1363 357
1364 356
1365 355
1366 354
1367 353
1368 352
1369 351
1370 350
1371 359
1372 358
1373 4855
1374 2190
1375 3225
1376 4632
1377 2192
1378 2193
1379 2259
1380 2258
1381 2257
1382 4637
1383 2255
1384 2254
1385 2253
1386 2252
1387 2251
1388 4636
1389 3224
1390 4635
1391 4634
1392 4800
1393 3227
1394 4802
1395 4638
1396 4804
1397 4805
1398 4806
1399 4807
1400 4808
1401 4809
1402 2789
1403 2788
1404 2079
1405 2078
1406 2073
1407 2072
1408 2071
1409 2070
1410 2077
1411 2076
1412 2075
1413 2074
1414 3221
1415 3220
1416 3223
1417 3222
1418 4398
1419 4399
1420 4390
1421 4391
1422 4392
1423 4393
1424 4394
1425 4395
1426 4396
1427 4397
1428 3197
1429 1367
1430 470
1431 3194
1432 3193
1433 3192
1434 3191
1435 3190
1436 478
1437 479
1438 3199
1439 3198
1440 4026
1441 4027
1442 4024
1443 4025
1444 4022
1445 4023
1446 4020
1447 4021
1448 4028
1449 4029
1450 3999
1451 3998
1452 3997
1453 3996
1454 3995
1455 3994
1456 3993
1457 3992
1458 3991
1459 3990
1460 298
1461 299
1462 296
1463 297
1464 294
1465 295
1466 292
1467 293
1468 290
1469 291
1470 587
1471 581
1472 5487
1473 2442
1474 2443
1475 2440
1476 2441
1477 2446
1478 2447
1479 2444
1480 2445
1481 2448
1482 2449
1483 5486
1484 5485
1485 5484
1486 5483
1487 5407
1488 5406
1489 1434
1490 5482
1491 1435
1492 1432
1493 1433
1494 1623
1495 1622
1496 1621
1497 1620
1498 1627
1499 1626
1500 1625
1501 1624
1502 1999
1503 1998
1504 1629
1505 1628
1506 3209
1507 3208
1508 5058
1509 5059
1510 2860
1511 2861
1512 2862
1513 2863
1514 559
1515 558
1516 2866
1517 2867
1518 555
1519 554
1520 557
1521 556
1522 551
1523 550
1524 553
1525 552
1526 3539
1527 1438
1528 5055
1529 5408
1530 1199
1531 1198
1532 3348
1533 3349
1534 1191
1535 1190
1536 1193
1537 1192
1538 1195
1539 1194
1540 1197
1541 1196
1542 4259
1543 4258
1544 4251
1545 4250
1546 4253
1547 4252
1548 4255
1549 4254
1550 4257
1551 4256
1552 5533
1553 5532
1554 5531
1555 5530
1556 5537
1557 5536
1558 5535
1559 5534
1560 5539
1561 5538
1562 1348
1563 459
1564 4263
1565 5100
1566 1340
1567 1341
1568 452
1569 3834
1570 3835
1571 3836
1572 3837
1573 3830
1574 3831
1575 3832
1576 3833
1577 1344
1578 3838
1579 3839
1580 1345
1581 456
1582 457
1583 379
1584 378
1585 371
1586 370
1587 373
1588 372
1589 375
1590 374
1591 377
1592 376
1593 5104
1594 5549
1595 2275
1596 2274
1597 2277
1598 2276
1599 2271
1600 2270
1601 2273
1602 2272
1603 2279
1604 2278
1605 5543
1606 5545
1607 2051
1608 2050
1609 2053
1610 2052
1611 2055
1612 2054
1613 2057
1614 4829
1615 2059
1616 2058
1617 4824
1618 4537
1619 4822
1620 4531
1621 4532
1622 4821
1623 3783
1624 3786
1625 5899
1626 414
1627 415
1628 416
1629 417
1630 410
1631 411
1632 412
1633 413
1634 1384
1635 1385
1636 1386
1637 1387
1638 418
1639 419
1640 1382
1641 1383
1642 1775
1643 1774
1644 1777
1645 5277
1646 5270
1647 1770
1648 5463
1649 5272
1650 5273
1651 5278
1652 5279
1653 5465
1654 5464
1655 2428
1656 2429
1657 2420
1658 2421
1659 2422
1660 2423
1661 2424
1662 2425
1663 2426
1664 2427
1665 5467
1666 3461
1667 5466
1668 3460
1669 1814
1670 1815
1671 1816
1672 1817
1673 1810
1674 1811
1675 1812
1676 1813
1677 1818
1678 1819
1679 2165
1680 2164
1681 2167
1682 1609
1683 1608
1684 2166
1685 3229
1686 3228
1687 1979
1688 1978
1689 1977
1690 1976
1691 1975
1692 1974
1693 1973
1694 1972
1695 1971
1696 1970
1697 2163
1698 4955
1699 2848
1700 2849
1701 2846
1702 2847
1703 2844
1704 2845
1705 2842
1706 2843
1707 2840
1708 2841
1709 3320
1710 3321
1711 3322
1712 3323
1713 3324
1714 3325
1715 3326
1716 3327
1717 3328
1718 3329
1719 5478
1720 5479
1721 5519
1722 5518
1723 5511
1724 3038
1725 5513
1726 5512
1727 5515
1728 5514
1729 5517
1730 1554
1731 537
1732 536
1733 535
1734 534
1735 533
1736 532
1737 531
1738 530
1739 539
1740 538
1741 1908
1742 1909
1743 3294
1744 1907
1745 3296
1746 1905
1747 1902
1748 3291
1749 5131
1750 1901
1751 3812
1752 3813
1753 3810
1754 3811
1755 3816
1756 3817
1757 3814
1758 3815
1759 3818
1760 3819
1761 2213
1762 2212
1763 2211
1764 2210
1765 2217
1766 2216
1767 2215
1768 2214
1769 2219
1770 2218
1771 4518
1772 4519
1773 4512
1774 4513
1775 4510
1776 4511
1777 4516
1778 4517
1779 4514
1780 4515
1781 5289
1782 5288
1783 5281
1784 5280
1785 5283
1786 5282
1787 5285
1788 5284
1789 5287
1790 5286
1791 2989
1792 2988
1793 2983
1794 2982
1795 2981
1796 2980
1797 2987
1798 2986
1799 2985
1800 2984
1801 1018
1802 1019
1803 1014
1804 1015
1805 1016
1806 1017
1807 1010
1808 1011
1809 1012
1810 1013
1811 4358
1812 4359
1813 4354
1814 4355
1815 4356
1816 4357
1817 4350
1818 4351
1819 4352
1820 4353
1821 438
1822 439
1823 436
1824 437
1825 434
1826 435
1827 432
1828 433
1829 430
1830 431
1831 1436
1832 5708
1833 5709
1834 5704
1835 5705
1836 5706
1837 5707
1838 5700
1839 5701
1840 5702
1841 5703
1842 1437
1843 1050
1844 1051
1845 1052
1846 1430
1847 5354
1848 1054
1849 1055
1850 1056
1851 1057
1852 1431
1853 1832
1854 1833
1855 1830
1856 1831
1857 1836
1858 3798
1859 1834
1860 1835
1861 3795
1862 3794
1863 1838
1864 3796
1865 3791
1866 3790
1867 3793
1868 3792
1869 4981
1870 4980
1871 4983
1872 2157
1873 4985
1874 4984
1875 2400
1876 4986
1877 4989
1878 4988
1879 2158
1880 2159
1881 2408
1882 2409
1883 1955
1884 1954
1885 1957
1886 1956
1887 1951
1888 1950
1889 1953
1890 1952
1891 1959
1892 1958
1893 3249
1894 3248
1895 3243
1896 3242
1897 3241
1898 3240
1899 3247
1900 3246
1901 3245
1902 1990
1903 4925
1904 1993
1905 1483
1906 1482
1907 1481
1908 1480
1909 1487
1910 1486
1911 1485
1912 1484
1913 3306
1914 3307
1915 1489
1916 1488
1917 3302
1918 3303
1919 3300
1920 3301
1921 1992
1922 612
1923 613
1924 610
1925 1273
1926 1995
1927 1275
1928 2060
1929 614
1930 2061
1931 615
1932 2062
1933 2063
1934 1994
1935 2064
1936 2065
1937 519
1938 518
1939 2066
1940 511
1941 510
1942 513
1943 512
1944 515
1945 514
1946 517
1947 516
1948 1227
1949 1226
1950 621
1951 1224
1952 1223
1953 1222
1954 1221
1955 1220
1956 629
1957 628
1958 1229
1959 1228
1960 3878
1961 3879
1962 3870
1963 3871
1964 3872
1965 3873
1966 3874
1967 3875
1968 3876
1969 3877
1970 4167
1971 4166
1972 4165
1973 4164
1974 4163
1975 4162
1976 4161
1977 4160
1978 4169
1979 4168
1980 2239
1981 2238
1982 2231
1983 2230
1984 2233
1985 2232
1986 2235
1987 2234
1988 2237
1989 2236
1990 5937
1991 5936
1992 5935
1993 5934
1994 5933
1995 5932
1996 5931
1997 5930
1998 5939
1999 5938
2000 4608
2001 3498
2002 3499
2003 3496
2004 3497
2005 3494
2006 3495
2007 3492
2008 3493
2009 3490
2010 3491
2011 2095
2012 2094
2013 4572
2014 4573
2015 2091
2016 2090
2017 4576
2018 2092
2019 4578
2020 4579
2021 2099
2022 2098
2023 4605
2024 3333
2025 3
2026 3330
2027 1038
2028 1039
2029 1032
2030 1033
2031 1030
2032 1031
2033 1036
2034 1037
2035 1034
2036 1035
2037 4378
2038 4379
2039 4372
2040 4373
2041 4370
2042 4371
2043 4376
2044 4377
2045 4374
2046 4375
2047 4080
2048 4081
2049 4082
2050 4083
2051 4084
2052 4085
2053 4086
2054 4087
2055 4088
2056 4089
2057 5728
2058 5729
2059 5722
2060 5723
2061 5720
2062 5721
2063 5726
2064 5727
2065 5724
2066 5725
2067 2396
2068 2397
2069 2394
2070 2395
2071 2392
2072 2393
2073 2390
2074 2391
2075 2398
2076 2399
2077 1858
2078 1859
2079 5693
2080 1850
2081 1851
2082 1852
2083 1853
2084 1854
2085 1855
2086 1856
2087 1857
2088 2172
2089 2173
2090 2170
2091 2171
2092 2176
2093 2177
2094 2174
2095 2175
2096 4967
2097 4966
2098 4965
2099 2179
2100 4963
2101 4962
2102 4961
2103 4960
2104 1421
2105 5694
2106 1420
2107 5695
2108 5430
2109 1933
2110 1932
2111 1931
2112 1930
2113 5128
2114 1936
2115 1935
2116 1934
2117 5124
2118 3268
2119 1939
2120 1938
2121 5120
2122 5121
2123 5122
2124 5123
2125 1427
2126 1426
2127 1429
2128 1428
2129 3366
2130 3367
2131 605
2132 604
2133 607
2134 606
2135 601
2136 600
2137 603
2138 602
2139 1205
2140 1204
2141 1207
2142 1206
2143 609
2144 608
2145 1203
2146 1202
2147 1353
2148 1352
2149 1351
2150 1350
2151 461
2152 1356
2153 463
2154 462
2155 5554
2156 5552
2157 4149
2158 4148
2159 4145
2160 4144
2161 4147
2162 4146
2163 4141
2164 4140
2165 4143
2166 4142
2167 3856
2168 3857
2169 3854
2170 3855
2171 3852
2172 3853
2173 3850
2174 3851
2175 3858
2176 3859
2177 1062
2178 5919
2179 5918
2180 5915
2181 5914
2182 5917
2183 5916
2184 5911
2185 5910
2186 5913
2187 5912
2188 4558
2189 4559
2190 4556
2191 4557
2192 4554
2193 4555
2194 4552
2195 4553
2196 4550
2197 4551
2198 2617
2199 2616
2200 2615
2201 2614
2202 2613
2203 2612
2204 2611
2205 2610
2206 2619
2207 2618
2208 1186
2209 1187
2210 1184
2211 740
2212 741
2213 742
2214 743
2215 744
2216 745
2217 746
2218 747
2219 748
2220 749
2221 1185
2222 2949
2223 2948
2224 2947
2225 2946
2226 2945
2227 2944
2228 2943
2229 2942
2230 2941
2231 2940
2232 5357
2233 5356
2234 5355
2235 1053
2236 5353
2237 5352
2238 5351
2239 5350
2240 1058
2241 1059
2242 5359
2243 5358
2244 4310
2245 4311
2246 4312
2247 4313
2248 4314
2249 4315
2250 4316
2251 4317
2252 4318
2253 4319
2254 1180
2255 3119
2256 3118
2257 3117
2258 3116
2259 3115
2260 3114
2261 3113
2262 3112
2263 3111
2264 3110
2265 5795
2266 1181
2267 5740
2268 5741
2269 5742
2270 5743
2271 5744
2272 5745
2273 5746
2274 5747
2275 5748
2276 5749
2277 5267
2278 5266
2279 1702
2280 1703
2281 5263
2282 5262
2283 5261
2284 5260
2285 5794
2286 2137
2287 7
2288 1602
2289 2135
2290 2378
2291 2379
2292 2374
2293 2375
2294 2376
2295 2377
2296 2370
2297 2371
2298 2372
2299 2373
2300 1876
2301 1877
2302 1874
2303 1875
2304 1872
2305 1873
2306 1870
2307 1871
2308 1878
2309 1879
2310 4945
2311 4944
2312 4947
2313 4946
2314 4941
2315 4940
2316 4943
2317 4942
2318 4949
2319 4948
2320 2118
2321 2119
2322 2110
2323 2111
2324 2112
2325 2113
2326 2114
2327 2115
2328 2116
2329 2117
2330 1919
2331 1918
2332 5108
2333 5109
2334 3289
2335 3288
2336 5102
2337 5103
2338 1913
2339 5101
2340 5106
2341 3282
2342 3281
2343 3280
2344 883
2345 882
2346 881
2347 880
2348 887
2349 886
2350 885
2351 884
2352 889
2353 888
2354 5245
2355 5792
2356 1269
2357 1268
2358 669
2359 668
2360 667
2361 1262
2362 665
2363 664
2364 663
2365 662
2366 1265
2367 1264
2368 1911
2369 1910
2370 3285
2371 3284
2372 3283
2373 5107
2374 1917
2375 5105
2376 4129
2377 4128
2378 4123
2379 4122
2380 4121
2381 4120
2382 4127
2383 4126
2384 4125
2385 4124
2386 5689
2387 5688
2388 5685
2389 5684
2390 5687
2391 5686
2392 5681
2393 5680
2394 5683
2395 5682
2396 5979
2397 5978
2398 5973
2399 5972
2400 5971
2401 5970
2402 5977
2403 5976
2404 5975
2405 5974
2406 2587
2407 2586
2408 2585
2409 2584
2410 2583
2411 2582
2412 2581
2413 2580
2414 2589
2415 2588
2416 280
2417 286
2418 2639
2419 2638
2420 2635
2421 2634
2422 2637
2423 2636
2424 2631
2425 2630
2426 2633
2427 2632
2428 3544
2429 3545
2430 3546
2431 3547
2432 3540
2433 3541
2434 3542
2435 3543
2436 3548
2437 3549
2438 2965
2439 2964
2440 2967
2441 2966
2442 2961
2443 2960
2444 2963
2445 2962
2446 762
2447 763
2448 760
2449 761
2450 2969
2451 2968
2452 764
2453 765
2454 5379
2455 5378
2456 1078
2457 1079
2458 5375
2459 5374
2460 5377
2461 1075
2462 5371
2463 5370
2464 5373
2465 5372
2466 5583
2467 4338
2468 4339
2469 4336
2470 4337
2471 4334
2472 4335
2473 4332
2474 4333
2475 4330
2476 4331
2477 3135
2478 5182
2479 3137
2480 3136
2481 3131
2482 3130
2483 3133
2484 3132
2485 3139
2486 3138
2487 1533
2488 5183
2489 5180
2490 5768
2491 5769
2492 5766
2493 5767
2494 5764
2495 5765
2496 5762
2497 5763
2498 5760
2499 5761
2500 1531
2501 5181
2502 5186
2503 2256
2504 5187
2505 2978
2506 2979
2507 2250
2508 5184
2509 5185
2510 2974
2511 2975
2512 5362
2513 4570
2514 1042
2515 5360
2516 5361
2517 5366
2518 5367
2519 4571
2520 5364
2521 5365
2522 2358
2523 2359
2524 2352
2525 2353
2526 2350
2527 2351
2528 2356
2529 5368
2530 2354
2531 2355
2532 5369
2533 1898
2534 1899
2535 3739
2536 3738
2537 3737
2538 3736
2539 3735
2540 3734
2541 3733
2542 1891
2543 3731
2544 3730
2545 4691
2546 4690
2547 4693
2548 4692
2549 4695
2550 4694
2551 4697
2552 4696
2553 4699
2554 4698
2555 4929
2556 4928
2557 2138
2558 2139
2559 5160
2560 5161
2561 5162
2562 5163
2563 5164
2564 5165
2565 5166
2566 4801
2567 5168
2568 5169
2569 2787
2570 4803
2571 2781
2572 2780
2573 2783
2574 2782
2575 1263
2576 666
2577 1261
2578 1799
2579 1798
2580 1793
2581 1267
2582 1791
2583 1790
2584 1797
2585 1796
2586 1795
2587 1794
2588 661
2589 660
2590 5344
2591 5345
2592 1241
2593 3093
2594 3090
2595 3091
2596 3096
2597 3097
2598 3094
2599 1530
2600 1249
2601 648
2602 3098
2603 3099
2604 5346
2605 1539
2606 1538
2607 4101
2608 4100
2609 4103
2610 4102
2611 4105
2612 4104
2613 4107
2614 4106
2615 4109
2616 4108
2617 3898
2618 3899
2619 3892
2620 3893
2621 3890
2622 3891
2623 3896
2624 3897
2625 3894
2626 3895
2627 5341
2628 5951
2629 5950
2630 5953
2631 5952
2632 5955
2633 5954
2634 5957
2635 5956
2636 5959
2637 5958
2638 1454
2639 1991
2640 1455
2641 5774
2642 6039
2643 6038
2644 6033
2645 6032
2646 6031
2647 6030
2648 6037
2649 6036
2650 6035
2651 6034
2652 2659
2653 2658
2654 2653
2655 2652
2656 2651
2657 2650
2658 2657
2659 2656
2660 2655
2661 2654
2662 5758
2663 1452
2664 3562
2665 3563
2666 3560
2667 1453
2668 3566
2669 3567
2670 3564
2671 3565
2672 3034
2673 3568
2674 3569
2675 4484
2676 4485
2677 4486
2678 4487
2679 4480
2680 4481
2681 4482
2682 4483
2683 4488
2684 4489
2685 2903
2686 2902
2687 2901
2688 2900
2689 708
2690 709
2691 2905
2692 147
2693 704
2694 705
2695 706
2696 2908
2697 700
2698 701
2699 702
2700 703
2701 2486
2702 5319
2703 5318
2704 5313
2705 5312
2706 5311
2707 141
2708 5317
2709 5316
2710 5315
2711 5314
2712 2487
2713 3214
2714 1987
2715 1984
2716 3153
2717 3152
2718 3151
2719 3150
2720 3157
2721 3156
2722 3155
2723 3154
2724 1982
2725 3159
2726 3158
2727 1983
2728 1980
2729 1981
2730 1260
2731 1639
2732 2482
2733 1459
2734 1266
2735 2483
2736 2480
2737 568
2738 569
2739 2816
2740 564
2741 565
2742 4714
2743 4715
2744 4716
2745 4717
2746 4710
2747 4711
2748 4712
2749 2337
2750 2338
2751 2339
2752 4718
2753 4719
2754 3715
2755 3714
2756 3717
2757 3716
2758 3711
2759 3710
2760 3713
2761 3712
2762 3719
2763 3718
2764 4909
2765 4908
2766 4679
2767 4678
2768 4901
2769 4676
2770 4903
2771 4674
2772 4673
2773 4904
2774 4671
2775 4670
2776 5148
2777 5149
2778 5146
2779 5147
2780 5144
2781 5145
2782 5142
2783 5143
2784 5140
2785 5141
2786 120
2787 121
2788 122
2789 123
2790 124
2791 125
2792 126
2793 127
2794 128
2795 129
2796 1188
2797 1189
2798 3377
2799 3376
2800 3375
2801 3374
2802 5421
2803 3372
2804 3371
2805 3370
2806 1997
2807 3393
2808 1519
2809 1518
2810 3392
2811 1515
2812 1514
2813 1517
2814 1516
2815 1511
2816 1510
2817 1513
2818 1512
2819 3395
2820 3394
2821 3397
2822 3396
2823 263
2824 262
2825 261
2826 260
2827 267
2828 266
2829 265
2830 264
2831 269
2832 268
2833 6011
2834 6010
2835 6013
2836 6012
2837 6015
2838 6014
2839 6017
2840 6016
2841 6019
2842 6018
2843 988
2844 989
2845 982
2846 983
2847 980
2848 981
2849 986
2850 987
2851 984
2852 985
2853 1388
2854 1389
2855 3508
2856 3509
2857 5089
2858 5088
2859 5083
2860 5082
2861 5081
2862 5080
2863 5087
2864 5086
2865 5085
2866 5084
2867 2671
2868 2670
2869 2673
2870 2672
2871 2675
2872 2674
2873 2677
2874 2676
2875 2679
2876 2678
2877 1209
2878 2929
2879 2928
2880 2921
2881 2920
2882 2923
2883 2922
2884 2925
2885 2924
2886 2927
2887 2926
2888 5331
2889 5330
2890 5333
2891 5332
2892 5335
2893 5334
2894 5337
2895 5336
2896 1208
2897 5338
2898 3179
2899 3178
2900 2037
2901 3171
2902 3170
2903 3173
2904 3172
2905 3175
2906 3174
2907 3177
2908 3176
2909 726
2910 727
2911 724
2912 725
2913 722
2914 723
2915 720
2916 721
2917 728
2918 729
2919 1164
2920 1165
2921 1166
2922 1167
2923 1160
2924 1161
2925 1162
2926 1163
2927 1168
2928 1169
2929 2035
2930 472
2931 3196
2932 2034
2933 1380
2934 471
2935 476
2936 2785
2937 477
2938 1713
2939 474
2940 1712
2941 2033
2942 1711
2943 1381
2944 1710
2945 2784
2946 1716
2947 1715
2948 2032
2949 1714
2950 1368
2951 3728
2952 1369
2953 1719
2954 1864
2955 1718
2956 2031
2957 1869
2958 2786
2959 1868
2960 2030
2961 4930
2962 4931
2963 4932
2964 4933
2965 4934
2966 4935
2967 4732
2968 4733
2969 4730
2970 4731
2971 4736
2972 4737
2973 2318
2974 2319
2975 2316
2976 2317
2977 2314
2978 2315
2979 2312
2980 2313
2981 2310
2982 2311
2983 5854
2984 5855
2985 5856
2986 5857
2987 5850
2988 5851
2989 5852
2990 5853
2991 5858
2992 5859
2993 3773
2994 3772
2995 3771
2996 3770
2997 3777
2998 3776
2999 3775
3000 3774
3001 3779
3002 3778
3003 4655
3004 4654
3005 4657
3006 4656
3007 4651
3008 4650
3009 4653
3010 4652
3011 4659
3012 4658
3013 108
3014 109
3015 102
3016 103
3017 100
3018 101
3019 106
3020 107
3021 104
3022 105
3023 1759
3024 1758
3025 1757
3026 1756
3027 1755
3028 1754
3029 1753
3030 1752
3031 1751
3032 1750
3033 1285
3034 1284
3035 1287
3036 1286
3037 1281
3038 1280
3039 1283
3040 1282
3041 1289
3042 1288
3043 1579
3044 1578
3045 689
3046 688
3047 685
3048 684
3049 687
3050 686
3051 681
3052 680
3053 683
3054 682
3055 1240
3056 5629
3057 5628
3058 5627
3059 1243
3060 5625
3061 5624
3062 5623
3063 5622
3064 5621
3065 5620
3066 1242
3067 5995
3068 5994
3069 5997
3070 5996
3071 5991
3072 5990
3073 5993
3074 5992
3075 5999
3076 5998
3077 1244
3078 1246
3079 245
3080 244
3081 247
3082 246
3083 241
3084 240
3085 243
3086 242
3087 249
3088 248
3089 3698
3090 3699
3091 1366
3092 3690
3093 3691
3094 3692
3095 3693
3096 3694
3097 3695
3098 3696
3099 3697
3100 2156
3101 3526
3102 3527
3103 3524
3104 3525
3105 3522
3106 3523
3107 3520
3108 3521
3109 3528
3110 3529
3111 1364
3112 338
3113 2150
3114 2699
3115 2698
3116 2697
3117 2696
3118 2695
3119 2694
3120 2693
3121 2692
3122 2691
3123 2690
3124 1362
3125 2152
3126 1363
3127 2153
3128 1360
3129 1361
3130 1142
3131 1143
3132 1140
3133 1141
3134 1146
3135 1147
3136 1144
3137 1145
3138 1148
3139 1149
3140 768
3141 769
3142 336
3143 766
3144 767
3145 4282
3146 4283
3147 4280
3148 4281
3149 4286
3150 4287
3151 4284
3152 4285
3153 4288
3154 4289
3155 380
3156 381
3157 382
3158 383
3159 384
3160 385
3161 386
3162 387
3163 388
3164 389
3165 4758
3166 4759
3167 4750
3168 4751
3169 4752
3170 4753
3171 4754
3172 4755
3173 4756
3174 4757
3175 5872
3176 1076
3177 5870
3178 5871
3179 5876
3180 5877
3181 5874
3182 1077
3183 5878
3184 5879
3185 1074
3186 3759
3187 3758
3188 5376
3189 3751
3190 3750
3191 3753
3192 3752
3193 3755
3194 3754
3195 3757
3196 3756
3197 4633
3198 2191
3199 4631
3200 4630
3201 2194
3202 2195
3203 2196
3204 2197
3205 2198
3206 2199
3207 4639
3208 1071
3209 4813
3210 4812
3211 4811
3212 4810
3213 168
3214 169
3215 164
3216 165
3217 166
3218 167
3219 160
3220 161
3221 162
3222 163
3223 4815
3224 4814
3225 2734
3226 2735
3227 2736
3228 2737
3229 2730
3230 2731
3231 2732
3232 2733
3233 2738
3234 2739
3235 5558
3236 3134
3237 809
3238 808
3239 803
3240 802
3241 801
3242 800
3243 807
3244 806
3245 805
3246 804
3247 5274
3248 5275
3249 5276
3250 1776
3251 1771
3252 5271
3253 1773
3254 1772
3255 1779
3256 1778
3257 1551
3258 1550
3259 1553
3260 1552
3261 1555
3262 3039
3263 1557
3264 1556
3265 1559
3266 1558
3267 3036
3268 3037
3269 3030
3270 3031
3271 3032
3272 3033
3273 5605
3274 5604
3275 5607
3276 5606
3277 5601
3278 5600
3279 5603
3280 5602
3281 5609
3282 5608
3283 229
3284 228
3285 227
3286 226
3287 225
3288 224
3289 223
3290 222
3291 221
3292 220
3293 2509
3294 2508
3295 2507
3296 2506
3297 2505
3298 2504
3299 2503
3300 2502
3301 2501
3302 2500
3303 5049
3304 5048
3305 5047
3306 5046
3307 5045
3308 5044
3309 5043
3310 5042
3311 5041
3312 5040
3313 2160
3314 1256
3315 1257
3316 1254
3317 1255
3318 1520
3319 1253
3320 3207
3321 1250
3322 3206
3323 1251
3324 3205
3325 3204
3326 3203
3327 3202
3328 3201
3329 1996
3330 5188
3331 1128
3332 1129
3333 5189
3334 1120
3335 1121
3336 1122
3337 1123
3338 1124
3339 1125
3340 1126
3341 1127
3342 2864
3343 2865
3344 2868
3345 2869
3346 4776
3347 4777
3348 4774
3349 4775
3350 4772
3351 4773
3352 4770
3353 4771
3354 4778
3355 4779
3356 5818
3357 5819
3358 5810
3359 5811
3360 5812
3361 5813
3362 5814
3363 5815
3364 5816
3365 5817
3366 4619
3367 4618
3368 4611
3369 4610
3370 4613
3371 4612
3372 4615
3373 4614
3374 4617
3375 4616
3376 2705
3377 2704
3378 2707
3379 146
3380 5458
3381 144
3382 145
3383 142
3384 143
3385 140
3386 5459
3387 4884
3388 148
3389 149
3390 4886
3391 2702
3392 3092
3393 3342
3394 3343
3395 5452
3396 2712
3397 2713
3398 2710
3399 2711
3400 2716
3401 2717
3402 2714
3403 2715
3404 3346
3405 2718
3406 2719
3407 3347
3408 3344
3409 3345
3410 829
3411 828
3412 825
3413 824
3414 827
3415 826
3416 821
3417 820
3418 823
3419 822
3420 5252
3421 5253
3422 5250
3423 5251
3424 5256
3425 5257
3426 5254
3427 5255
3428 5258
3429 5259
3430 5942
3431 3018
3432 3019
3433 3012
3434 3013
3435 3010
3436 3011
3437 3016
3438 3017
3439 3014
3440 3015
3441 4189
3442 4188
3443 4181
3444 4180
3445 4183
3446 4182
3447 4185
3448 4184
3449 4187
3450 4186
3451 5663
3452 5662
3453 5661
3454 5660
3455 5667
3456 5666
3457 5665
3458 5664
3459 5669
3460 5668
3461 11
3462 10
3463 13
3464 12
3465 15
3466 14
3467 17
3468 16
3469 19
3470 18
3471 3904
3472 3905
3473 3906
3474 3907
3475 3900
3476 3901
3477 3902
3478 3903
3479 3908
3480 3909
3481 201
3482 200
3483 203
3484 202
3485 205
3486 204
3487 207
3488 206
3489 209
3490 208
3491 830
3492 831
3493 836
3494 837
3495 834
3496 835
3497 3658
3498 3659
3499 3654
3500 3655
3501 3656
3502 3657
3503 3650
3504 3651
3505 3652
3506 3653
3507 2525
3508 2524
3509 2527
3510 2526
3511 2521
3512 2520
3513 2523
3514 2522
3515 2529
3516 2528
3517 5065
3518 5064
3519 5067
3520 5066
3521 5061
3522 5060
3523 5063
3524 5062
3525 5069
3526 5068
3527 4408
3528 4409
3529 4404
3530 4405
3531 4406
3532 4407
3533 4400
3534 4401
3535 4402
3536 4403
3537 928
3538 929
3539 920
3540 921
3541 922
3542 923
3543 924
3544 925
3545 926
3546 927
3547 5393
3548 5392
3549 5391
3550 5390
3551 5397
3552 5396
3553 5395
3554 5394
3555 5399
3556 5398
3557 784
3558 785
3559 786
3560 787
3561 780
3562 781
3563 782
3564 783
3565 788
3566 789
3567 2357
3568 1371
3569 1370
3570 1373
3571 404
3572 403
3573 402
3574 401
3575 1376
3576 2899
3577 2898
3578 2895
3579 2894
3580 2897
3581 2896
3582 2891
3583 2890
3584 2893
3585 2892
3586 1106
3587 1107
3588 1104
3589 1105
3590 1102
3591 1103
3592 1100
3593 1727
3594 1458
3595 1724
3596 1108
3597 1109
3598 1725
3599 5241
3600 5240
3601 1894
3602 5243
3603 1895
3604 5242
3605 1896
3606 1897
3607 1890
3608 1837
3609 3732
3610 1892
3611 1893
3612 2136
3613 4922
3614 4921
3615 4920
3616 4798
3617 4799
3618 4794
3619 4795
3620 4796
3621 4797
3622 4790
3623 4791
3624 4792
3625 2133
3626 5836
3627 5837
3628 5834
3629 5835
3630 5832
3631 2130
3632 5830
3633 5831
3634 2131
3635 5838
3636 5839
3637 2668
3638 4
3639 2669
3640 2778
3641 2779
3642 4899
3643 4898
3644 2770
3645 2771
3646 2772
3647 4890
3648 2774
3649 2775
3650 2776
3651 2777
3652 3286
3653 5167
3654 847
3655 846
3656 3465
3657 844
3658 843
3659 842
3660 841
3661 840
3662 849
3663 848
3664 4902
3665 2406
3666 4905
3667 2407
3668 1739
3669 1738
3670 1731
3671 1730
3672 1733
3673 5233
3674 5234
3675 5235
3676 1737
3677 1736
3678 3070
3679 3071
3680 1597
3681 1596
3682 3074
3683 3075
3684 1593
3685 1592
3686 3078
3687 3079
3688 1599
3689 1598
3690 4906
3691 2403
3692 5649
3693 5648
3694 5641
3695 5640
3696 5643
3697 5642
3698 5645
3699 5644
3700 5647
3701 5646
3702 4826
3703 489
3704 488
3705 487
3706 486
3707 485
3708 484
3709 483
3710 482
3711 481
3712 480
3713 4827
3714 3922
3715 3923
3716 3920
3717 3921
3718 3926
3719 3927
3720 3924
3721 3925
3722 3928
3723 3929
3724 5655
3725 3678
3726 3679
3727 3672
3728 3673
3729 3670
3730 3671
3731 3676
3732 3677
3733 3674
3734 3675
3735 2543
3736 2542
3737 2541
3738 2540
3739 2547
3740 2546
3741 2545
3742 2544
3743 2549
3744 2548
3745 1456
3746 1457
3747 1450
3748 1451
3749 5003
3750 3581
3751 3582
3752 3583
3753 3584
3754 3585
3755 3586
3756 3587
3757 3588
3758 3589
3759 5009
3760 1101
3761 902
3762 903
3763 900
3764 901
3765 906
3766 907
3767 904
3768 905
3769 4422
3770 4423
3771 908
3772 909
3773 4426
3774 4427
3775 4424
3776 4425
3777 3293
3778 2916
3779 718
3780 1696
3781 1697
3782 1694
3783 1695
3784 1692
3785 1693
3786 1690
3787 1691
3788 1698
3789 1699
3790 1472
3791 1473
3792 1470
3793 1471
3794 1476
3795 1477
3796 1474
3797 1475
3798 1478
3799 1479
3800 4228
3801 4229
3802 4224
3803 4225
3804 4226
3805 4227
3806 4220
3807 4221
3808 4222
3809 4223
3810 24
3811 25
3812 26
3813 27
3814 20
3815 21
3816 22
3817 23
3818 28
3819 29
3820 5588
3821 5589
3822 1069
3823 1068
3824 1061
3825 1060
3826 1063
3827 4923
3828 1065
3829 1064
3830 1067
3831 1066
3832 2288
3833 2289
3834 2280
3835 2281
3836 2282
3837 2283
3838 2284
3839 2285
3840 2286
3841 2287
3842 4538
3843 4539
3844 4828
3845 2056
3846 4534
3847 4535
3848 4927
3849 4536
3850 4825
3851 4530
3852 4823
3853 4820
3854 4926
3855 4533
3856 182
3857 183
3858 180
3859 181
3860 186
3861 187
3862 184
3863 185
3864 188
3865 189
3866 4924
3867 5833
3868 869
3869 868
3870 652
3871 3449
3872 3448
3873 861
3874 860
3875 863
3876 3446
3877 3441
3878 3440
3879 867
3880 866
3881 2024
3882 2025
3883 2026
3884 2027
3885 2020
3886 2021
3887 2022
3888 2751
3889 2028
3890 2029
3891 2758
3892 2759
3893 5216
3894 5217
3895 5214
3896 5215
3897 5212
3898 5213
3899 5210
3900 5211
3901 5218
3902 5219
3903 3058
3904 3059
3905 3056
3906 3057
3907 3054
3908 3055
3909 3052
3910 3053
3911 3050
3912 3051
3913 4597
3914 8
3915 1317
3916 1316
3917 1315
3918 1314
3919 1313
3920 1312
3921 1311
3922 1310
3923 1319
3924 1318
3925 3948
3926 3949
3927 3940
3928 3941
3929 3942
3930 3943
3931 3944
3932 3945
3933 3946
3934 3947
3935 4057
3936 4056
3937 4055
3938 4054
3939 4053
3940 4052
3941 4051
3942 4050
3943 4059
3944 4058
3945 3610
3946 3611
3947 3612
3948 3613
3949 3614
3950 3615
3951 3616
3952 3617
3953 3618
3954 3619
3955 2569
3956 2568
3957 2561
3958 2560
3959 2563
3960 2562
3961 2565
3962 2564
3963 2567
3964 2566
3965 5029
3966 5028
3967 5021
3968 5020
3969 5023
3970 5022
3971 5025
3972 5024
3973 5027
3974 5026
3975 4440
3976 4441
3977 4442
3978 4443
3979 4444
3980 4445
3981 4446
3982 4447
3983 4448
3984 4449
3985 964
3986 965
3987 966
3988 967
3989 960
3990 961
3991 962
3992 963
3993 968
3994 969
3995 1537
3996 1536
3997 1535
3998 1534
3999 1245
4000 1532
4001 1247
4002 3095
4003 649
4004 1248
4005 3236
4006 5198
4007 3234
4008 3235
4009 641
4010 5195
4011 5194
4012 1614
4013 1615
4014 1960
4015 640
4016 5190
4017 5193
4018 1963
4019 643
4020 1678
4021 1679
4022 1674
4023 1675
4024 1676
4025 1677
4026 1670
4027 1671
4028 1672
4029 1673
4030 642
4031 645
4032 1418
4033 1419
4034 1410
4035 1411
4036 1412
4037 1413
4038 1414
4039 1415
4040 1416
4041 1417
4042 644
4043 4208
4044 4209
4045 4202
4046 4203
4047 4200
4048 4201
4049 4206
4050 4207
4051 4204
4052 4205
4053 647
4054 5568
4055 5569
4056 5564
4057 5565
4058 5566
4059 5567
4060 5560
4061 5561
4062 5562
4063 5563
4064 646
4065 308
4066 309
4067 300
4068 301
4069 302
4070 303
4071 304
4072 305
4073 306
4074 307
4075 4893
4076 4892
4077 4891
4078 2773
4079 4897
4080 4896
4081 4895
4082 4894
4083 3429
4084 3428
4085 3423
4086 3422
4087 3421
4088 3420
4089 3427
4090 3426
4091 3425
4092 3424
4093 2002
4094 2003
4095 2000
4096 2001
4097 4589
4098 2007
4099 2004
4100 4858
4101 4585
4102 4856
4103 4587
4104 4586
4105 4853
4106 4852
4107 4851
4108 4850
4109 1906
4110 1087
4111 1086
4112 1085
4113 1084
4114 1083
4115 1082
4116 1081
4117 1080
4118 1089
4119 1088
4120 1904
4121 5134
4122 449
4123 448
4124 1339
4125 1338
4126 1335
4127 1334
4128 1337
4129 1336
4130 1331
4131 1330
4132 1333
4133 1332
4134 39
4135 38
4136 33
4137 32
4138 31
4139 30
4140 37
4141 36
4142 35
4143 34
4144 1903
4145 1900
4146 3467
4147 3466
4148 845
4149 3464
4150 3463
4151 3462
4152 4079
4153 4078
4154 4075
4155 4074
4156 4077
4157 4076
4158 4071
4159 4070
4160 4073
4161 4072
4162 3966
4163 3967
4164 3964
4165 3965
4166 3962
4167 3963
4168 3960
4169 3961
4170 3968
4171 3969
4172 3638
4173 3639
4174 3636
4175 3637
4176 3634
4177 3635
4178 3632
4179 3633
4180 3630
4181 3631
4182 3469
4183 3468
4184 5450
4185 4468
4186 4469
4187 4466
4188 4467
4189 4464
4190 4465
4191 4462
4192 4463
4193 4460
4194 4461
4195 948
4196 949
4197 946
4198 947
4199 944
4200 945
4201 942
4202 943
4203 940
4204 941
4205 2410
4206 4793
4207 1658
4208 1659
4209 1652
4210 1653
4211 1650
4212 1651
4213 1656
4214 1657
4215 1654
4216 1655
4217 586
4218 5238
4219 584
4220 585
4221 582
4222 583
4223 580
4224 5239
4225 588
4226 589
4227 2839
4228 2838
4229 2837
4230 2836
4231 2835
4232 2834
4233 2833
4234 2832
4235 2831
4236 2830
4237 3391
4238 3390
4239 5405
4240 5404
4241 5403
4242 5402
4243 5401
4244 5400
4245 3399
4246 3398
4247 5409
4248 1439
4249 5230
4250 5231
4251 5232
4252 4260
4253 4261
4254 4262
4255 1732
4256 4264
4257 4265
4258 4266
4259 4267
4260 4268
4261 4269
4262 1734
4263 3702
4264 5236
4265 3703
4266 5237
4267 1885
4268 5548
4269 3701
4270 5542
4271 3706
4272 5540
4273 5541
4274 5546
4275 5547
4276 5544
4277 3707
4278 1881
4279 1880
4280 5890
4281 5891
4282 5892
4283 5893
4284 5894
4285 5895
4286 5896
4287 5897
4288 5898
4289 4668
4290 4669
4291 2127
4292 2126
4293 4664
4294 2128
4295 4666
4296 4667
4297 4660
4298 4661
4299 4662
4300 4663
4301 322
4302 323
4303 320
4304 321
4305 326
4306 327
4307 324
4308 325
4309 328
4310 329
4311 1595
4312 1594
4313 3072
4314 3073
4315 1591
4316 1590
4317 3076
4318 3077
4319 3252
4320 2248
4321 2249
4322 2244
4323 2245
4324 2246
4325 2247
4326 2240
4327 2241
4328 2242
4329 2243
4330 3401
4331 3400
4332 3403
4333 3402
4334 3405
4335 3404
4336 3407
4337 3406
4338 3409
4339 3408
4340 4875
4341 4874
4342 4877
4343 4876
4344 4871
4345 4870
4346 4873
4347 4872
4348 4879
4349 4878
4350 2068
4351 2069
4352 2798
4353 2799
4354 2792
4355 2793
4356 2790
4357 2791
4358 2796
4359 2797
4360 2794
4361 2795
4362 3256
4363 5692
4364 5690
4365 5691
4366 5696
4367 4883
4368 1359
4369 1358
4370 469
4371 468
4372 465
4373 464
4374 467
4375 466
4376 1357
4377 460
4378 1355
4379 1354
4380 4885
4381 3184
4382 3185
4383 3186
4384 3187
4385 3180
4386 3181
4387 3182
4388 3183
4389 3188
4390 3189
4391 4019
4392 4018
4393 4013
4394 4012
4395 4011
4396 4010
4397 4017
4398 4016
4399 4015
4400 4014
4401 5797
4402 3988
4403 3989
4404 3984
4405 3985
4406 3986
4407 3987
4408 3980
4409 3981
4410 3982
4411 3983
4412 5796
4413 1447
4414 1446
4415 1445
4416 289
4417 288
4418 1444
4419 281
4420 1443
4421 283
4422 282
4423 285
4424 284
4425 287
4426 1442
4427 1441
4428 1116
4429 3561
4430 5793
4431 2477
4432 2476
4433 2475
4434 2474
4435 2473
4436 2472
4437 2471
4438 2470
4439 2479
4440 2478
4441 5791
4442 2907
4443 2906
4444 1986
4445 3215
4446 3216
4447 1985
4448 3210
4449 3211
4450 3212
4451 3213
4452 1638
4453 2134
4454 2904
4455 3218
4456 3219
4457 1988
4458 1989
4459 2909
4460 2815
4461 2814
4462 2817
4463 707
4464 2811
4465 2810
4466 2813
4467 2812
4468 560
4469 561
4470 562
4471 563
4472 2819
4473 2818
4474 566
4475 567
4476 5429
4477 5428
4478 3379
4479 3378
4480 5425
4481 5424
4482 5427
4483 5426
4484 3373
4485 5420
4486 5423
4487 5422
4488 4248
4489 4249
4490 4246
4491 4247
4492 4244
4493 4245
4494 4242
4495 4243
4496 4240
4497 4241
4498 5520
4499 5521
4500 5522
4501 5523
4502 5524
4503 5525
4504 5526
4505 5527
4506 5528
4507 5529
4508 48
4509 49
4510 46
4511 47
4512 44
4513 45
4514 42
4515 43
4516 40
4517 41
4518 4848
4519 5310
4520 344
4521 345
4522 346
4523 347
4524 340
4525 341
4526 342
4527 343
4528 348
4529 349
4530 2132
4531 4831
4532 4526
4533 3237
4534 4833
4535 4524
4536 4835
4537 4834
4538 4837
4539 4836
4540 4784
4541 2268
4542 2269
4543 2262
4544 2263
4545 2260
4546 2261
4547 2266
4548 2267
4549 2264
4550 2265
4551 2046
4552 2047
4553 2044
4554 2045
4555 2042
4556 2043
4557 2040
4558 2041
4559 4819
4560 4818
4561 2048
4562 2049
4563 1365
4564 4389
4565 4388
4566 4383
4567 4382
4568 4381
4569 4380
4570 4387
4571 4386
4572 4385
4573 4384
4574 407
4575 406
4576 405
4577 1372
4578 1375
4579 1374
4580 1377
4581 400
4582 1379
4583 1378
4584 409
4585 408
4586 4031
4587 4030
4588 4033
4589 4032
4590 4035
4591 4034
4592 4037
4593 4036
4594 4039
4595 4038
4596 5498
4597 5499
4598 2459
4599 2458
4600 2455
4601 2454
4602 2457
4603 2456
4604 2451
4605 2450
4606 2453
4607 2452
4608 656
4609 657
4610 654
4611 655
4612 3089
4613 3088
4614 650
4615 651
4616 4982
4617 1508
4618 1509
4619 5496
4620 1601
4621 658
4622 1600
4623 3082
4624 1603
4625 3226
4626 5497
4627 1605
4628 1604
4629 1607
4630 1606
4631 3232
4632 3233
4633 3230
4634 3231
4635 1968
4636 1969
4637 1618
4638 1619
4639 1616
4640 1617
4641 3238
4642 3239
4643 1612
4644 1613
4645 1610
4646 1611
4647 2873
4648 2872
4649 2871
4650 2870
4651 2877
4652 2876
4653 2875
4654 2874
4655 2879
4656 2878
4657 3355
4658 3354
4659 3357
4660 3356
4661 3351
4662 3350
4663 3353
4664 3352
4665 3359
4666 3358
4667 5449
4668 5448
4669 5443
4670 5442
4671 5441
4672 5440
4673 5447
4674 5446
4675 5445
4676 5444
4677 5493
4678 5508
4679 5509
4680 5506
4681 5507
4682 5504
4683 5505
4684 5502
4685 5503
4686 5500
4687 5501
4688 542
4689 543
4690 540
4691 541
4692 546
4693 547
4694 544
4695 545
4696 548
4697 549
4698 5476
4699 5477
4700 5474
4701 5475
4702 5472
4703 5136
4704 5473
4705 3827
4706 3826
4707 3825
4708 3824
4709 3823
4710 3822
4711 3821
4712 3820
4713 5471
4714 5001
4715 3829
4716 3828
4717 5000
4718 5007
4719 5006
4720 5005
4721 5004
4722 368
4723 369
4724 366
4725 367
4726 364
4727 365
4728 362
4729 363
4730 360
4731 361
4732 5008
4733 1945
4734 5133
4735 3217
4736 2200
4737 2201
4738 2202
4739 2203
4740 2204
4741 2205
4742 2206
4743 2207
4744 2208
4745 2209
4746 4428
4747 4429
4748 4839
4749 4838
4750 4529
4751 4528
4752 4527
4753 4830
4754 4525
4755 4832
4756 4523
4757 4522
4758 4521
4759 4520
4760 4420
4761 4421
4762 5298
4763 5299
4764 5296
4765 5297
4766 5294
4767 5295
4768 5292
4769 5293
4770 5290
4771 5291
4772 5510
4773 5697
4774 5516
4775 2998
4776 2999
4777 59
4778 58
4779 55
4780 54
4781 57
4782 56
4783 51
4784 50
4785 53
4786 52
4787 2990
4788 2991
4789 2992
4790 2993
4791 2994
4792 2995
4793 2996
4794 2997
4795 429
4796 428
4797 1399
4798 1398
4799 421
4800 420
4801 423
4802 422
4803 425
4804 424
4805 427
4806 426
4807 854
4808 855
4809 856
4810 857
4811 850
4812 851
4813 852
4814 853
4815 1422
4816 1425
4817 2330
4818 1424
4819 2331
4820 2332
4821 2333
4822 2334
4823 2335
4824 2336
4825 4713
4826 2439
4827 2438
4828 2433
4829 2432
4830 2431
4831 2430
4832 2437
4833 2436
4834 2435
4835 2434
4836 5470
4837 3782
4838 1806
4839 1805
4840 3781
4841 1803
4842 3787
4843 3784
4844 1800
4845 3788
4846 3789
4847 1809
4848 1808
4849 4996
4850 4997
4851 4994
4852 4995
4853 4992
4854 4993
4855 4990
4856 4991
4857 4998
4858 4999
4859 1547
4860 3258
4861 3259
4862 1948
4863 1949
4864 1942
4865 1943
4866 1940
4867 1941
4868 1946
4869 1947
4870 1944
4871 3257
4872 2859
4873 2858
4874 2851
4875 2850
4876 2853
4877 2852
4878 2855
4879 2854
4880 2857
4881 2856
4882 5461
4883 5460
4884 1492
4885 5462
4886 1494
4887 1495
4888 1496
4889 1396
4890 1498
4891 1499
4892 3339
4893 3338
4894 1395
4895 1394
4896 1393
4897 1392
4898 1391
4899 1390
4900 524
4901 525
4902 526
4903 527
4904 520
4905 521
4906 522
4907 523
4908 528
4909 529
4910 1234
4911 1235
4912 1236
4913 1237
4914 1230
4915 1231
4916 1232
4917 1233
4918 1238
4919 1239
4920 1964
4921 2488
4922 2489
4923 4677
4924 4900
4925 4675
4926 2485
4927 3809
4928 3808
4929 3805
4930 3804
4931 3807
4932 3806
4933 3801
4934 3800
4935 3803
4936 3802
4937 4907
4938 2481
4939 1967
4940 4174
4941 4175
4942 4176
4943 4177
4944 4170
4945 4171
4946 4172
4947 4173
4948 1961
4949 4178
4950 4179
4951 1962
4952 2228
4953 2229
4954 2226
4955 2227
4956 2224
4957 2225
4958 2222
4959 2223
4960 2220
4961 2221
4962 1
4963 5925
4964 5926
4965 5927
4966 5920
4967 5921
4968 5922
4969 5923
4970 5928
4971 5929
4972 4505
4973 4504
4974 4507
4975 4506
4976 4501
4977 4500
4978 4503
4979 4502
4980 4509
4981 4508
4982 2088
4983 2089
4984 2082
4985 2083
4986 2080
4987 2081
4988 2086
4989 2087
4990 2084
4991 2085
4992 1009
4993 1008
4994 1007
4995 1006
4996 1005
4997 1004
4998 1003
4999 1002
5000 1001
5001 1000
5002 4349
5003 4348
5004 4347
5005 4346
5006 4345
5007 4344
5008 4343
5009 4342
5010 4341
5011 4340
5012 5719
5013 5718
5014 5717
5015 5716
5016 5715
5017 5714
5018 5713
5019 5712
5020 5711
5021 5710
5022 3575
5023 5091
5024 3577
5025 3576
5026 3571
5027 3570
5028 3573
5029 3572
5030 2666
5031 2667
5032 2664
5033 2665
5034 2662
5035 2663
5036 2660
5037 2661
5038 1829
5039 1828
5040 1825
5041 1824
5042 1827
5043 1826
5044 1821
5045 1820
5046 1823
5047 1822
5048 2147
5049 2146
5050 2413
5051 2412
5052 4978
5053 4979
5054 2417
5055 2140
5056 4974
5057 2418
5058 4976
5059 4977
5060 4970
5061 4971
5062 4972
5063 4973
5064 1920
5065 1921
5066 3274
5067 3275
5068 3272
5069 1925
5070 3270
5071 3271
5072 1928
5073 1929
5074 3278
5075 3279
5076 5586
5077 2935
5078 5587
5079 5584
5080 3319
5081 3318
5082 5585
5083 5489
5084 5488
5085 3311
5086 3310
5087 3313
5088 3312
5089 3315
5090 3314
5091 3317
5092 3316
5093 5580
5094 5581
5095 60
5096 61
5097 62
5098 63
5099 64
5100 65
5101 66
5102 67
5103 68
5104 69
5105 508
5106 509
5107 506
5108 507
5109 504
5110 505
5111 502
5112 503
5113 500
5114 501
5115 1212
5116 1213
5117 1210
5118 633
5119 1216
5120 1217
5121 636
5122 637
5123 638
5124 639
5125 1218
5126 1219
5127 3869
5128 3868
5129 3863
5130 3862
5131 3861
5132 3860
5133 3867
5134 3866
5135 3865
5136 3864
5137 4152
5138 4153
5139 4150
5140 4151
5141 4156
5142 4157
5143 4154
5144 4155
5145 4158
5146 4159
5147 5902
5148 5903
5149 5900
5150 5901
5151 5906
5152 5907
5153 5904
5154 5905
5155 5908
5156 5909
5157 3489
5158 3488
5159 3481
5160 3480
5161 3483
5162 3482
5163 3485
5164 3484
5165 3487
5166 3486
5167 4563
5168 4562
5169 4561
5170 4560
5171 4567
5172 4566
5173 4565
5174 4564
5175 4569
5176 4568
5177 2604
5178 2605
5179 2606
5180 2607
5181 2600
5182 2601
5183 2602
5184 2603
5185 2608
5186 2609
5187 5451
5188 5453
5189 732
5190 5454
5191 753
5192 1807
5193 751
5194 750
5195 757
5196 756
5197 755
5198 754
5199 759
5200 758
5201 3780
5202 1804
5203 2958
5204 2959
5205 738
5206 2954
5207 5455
5208 2956
5209 2957
5210 2950
5211 2951
5212 2952
5213 1802
5214 1025
5215 1024
5216 1027
5217 5347
5218 5340
5219 1801
5220 5342
5221 1022
5222 3785
5223 1029
5224 1028
5225 5456
5226 4365
5227 4364
5228 4367
5229 4366
5230 4361
5231 4360
5232 4363
5233 4362
5234 4369
5235 4368
5236 5457
5237 3108
5238 3109
5239 3104
5240 3105
5241 3106
5242 3107
5243 3100
5244 3101
5245 3102
5246 3103
5247 5
5248 4093
5249 4092
5250 4091
5251 4090
5252 4097
5253 4096
5254 4095
5255 4094
5256 4099
5257 4098
5258 5735
5259 5734
5260 5737
5261 5736
5262 5731
5263 5730
5264 5733
5265 5732
5266 5739
5267 5738
5268 2381
5269 2380
5270 2383
5271 2382
5272 2385
5273 2384
5274 2387
5275 2386
5276 2389
5277 2388
5278 1849
5279 1848
5280 1843
5281 1842
5282 1841
5283 1840
5284 1847
5285 1846
5286 1845
5287 1844
5288 3250
5289 4958
5290 4959
5291 2169
5292 2168
5293 3251
5294 4952
5295 4953
5296 4950
5297 4951
5298 4956
5299 4957
5300 4954
5301 2162
5302 3253
5303 2129
5304 3254
5305 3255
5306 3298
5307 3299
5308 5139
5309 5138
5310 5137
5311 3295
5312 5135
5313 3297
5314 3290
5315 5132
5316 3292
5317 5130
5318 1735
5319 1278
5320 1279
5321 618
5322 619
5323 1270
5324 1271
5325 1272
5326 611
5327 616
5328 617
5329 1276
5330 1277
5331 1490
5332 3332
5333 3331
5334 1493
5335 3337
5336 3336
5337 3335
5338 3334
5339 5469
5340 5468
5341 3595
5342 5039
5343 3599
5344 3598
5345 4138
5346 4139
5347 4130
5348 4131
5349 4132
5350 4133
5351 4134
5352 4135
5353 4136
5354 4137
5355 3841
5356 3840
5357 3843
5358 3842
5359 3845
5360 3844
5361 3847
5362 3846
5363 3849
5364 3848
5365 5698
5366 5699
5367 5968
5368 5969
5369 5960
5370 5961
5371 5962
5372 5963
5373 5964
5374 5965
5375 5966
5376 5967
5377 4549
5378 4548
5379 4541
5380 4540
5381 4543
5382 4542
5383 4545
5384 4544
5385 4547
5386 4546
5387 1073
5388 2594
5389 2595
5390 2596
5391 2597
5392 2590
5393 2591
5394 2592
5395 2593
5396 2598
5397 2599
5398 1070
5399 6040
5400 1343
5401 2622
5402 2623
5403 2620
5404 2621
5405 2626
5406 2627
5407 2624
5408 2625
5409 2628
5410 2629
5411 775
5412 774
5413 777
5414 776
5415 771
5416 770
5417 773
5418 772
5419 779
5420 778
5421 77
5422 76
5423 75
5424 74
5425 73
5426 72
5427 71
5428 70
5429 2972
5430 2973
5431 2970
5432 2971
5433 2976
5434 2977
5435 79
5436 78
5437 1043
5438 5363
5439 1041
5440 1040
5441 1047
5442 1046
5443 1045
5444 1044
5445 1049
5446 1048
5447 4303
5448 4302
5449 4301
5450 4300
5451 4307
5452 4306
5453 4305
5454 4304
5455 4309
5456 4308
5457 3128
5458 3129
5459 3122
5460 3123
5461 3120
5462 3121
5463 3126
5464 3127
5465 3124
5466 3125
5467 5753
5468 5752
5469 5751
5470 5750
5471 5757
5472 5756
5473 5755
5474 5754
5475 5759
5476 5199
5477 3445
5478 4609
5479 3444
5480 3447
5481 862
5482 865
5483 864
5484 3443
5485 3442
5486 2756
5487 2757
5488 2754
5489 2755
5490 2752
5491 2753
5492 2323
5493 2750
5494 2322
5495 2023
5496 4604
5497 2321
5498 2320
5499 2327
5500 2326
5501 4701
5502 2324
5503 5197
5504 4708
5505 5196
5506 2369
5507 2368
5508 2367
5509 2366
5510 2365
5511 2364
5512 2363
5513 2362
5514 2361
5515 2360
5516 5191
5517 1861
5518 1860
5519 1863
5520 1862
5521 1865
5522 3729
5523 1867
5524 1866
5525 3724
5526 3725
5527 3726
5528 3727
5529 3720
5530 3721
5531 3722
5532 3723
5533 4686
5534 4687
5535 4684
5536 4685
5537 4682
5538 4683
5539 4936
5540 4937
5541 4938
5542 4939
5543 4688
5544 4689
5545 2109
5546 2108
5547 2103
5548 2102
5549 2101
5550 2100
5551 2107
5552 2106
5553 2105
5554 2104
5555 5115
5556 5114
5557 5117
5558 5116
5559 5111
5560 5110
5561 5113
5562 5112
5563 5119
5564 5118
5565 1717
5566 5192
5567 9
5568 890
5569 891
5570 892
5571 893
5572 894
5573 895
5574 896
5575 897
5576 898
5577 899
5578 1788
5579 1789
5580 1780
5581 1781
5582 1782
5583 1783
5584 1784
5585 1785
5586 1786
5587 1787
5588 678
5589 679
5590 674
5591 675
5592 676
5593 677
5594 670
5595 671
5596 672
5597 673
5598 2491
5599 2490
5600 2493
5601 2492
5602 2495
5603 1965
5604 2494
5605 2497
5606 2496
5607 1524
5608 1525
5609 1526
5610 1527
5611 1252
5612 1521
5613 1522
5614 1523
5615 1528
5616 1529
5617 1258
5618 1259
5619 4116
5620 4117
5621 4114
5622 4115
5623 4112
5624 4113
5625 4110
5626 4111
5627 4118
5628 4119
5629 3340
5630 3341
5631 5946
5632 5947
5633 5944
5634 5945
5635 1966
5636 5943
5637 5940
5638 5941
5639 5948
5640 5949
5641 6028
5642 6029
5643 6020
5644 6021
5645 6022
5646 6023
5647 6024
5648 6025
5649 6026
5650 6027
5651 2648
5652 2649
5653 2640
5654 2641
5655 2642
5656 2643
5657 2644
5658 2645
5659 2646
5660 2647
5661 3557
5662 3556
5663 3555
5664 3554
5665 3553
5666 3552
5667 3551
5668 3550
5669 3559
5670 3558
5671 2910
5672 2911
5673 2912
5674 2913
5675 2914
5676 2915
5677 719
5678 2917
5679 2918
5680 2919
5681 715
5682 714
5683 713
5684 712
5685 711
5686 710
5687 5308
5688 5309
5689 5300
5690 5301
5691 5302
5692 5303
5693 5304
5694 5305
5695 5306
5696 5307
5697 4329
5698 4328
5699 4321
5700 4320
5701 4323
5702 4322
5703 4325
5704 4324
5705 4327
5706 4326
5707 3140
5708 3141
5709 3142
5710 3143
5711 3144
5712 3145
5713 3146
5714 3147
5715 3148
5716 3149
5717 1630
5718 5779
5719 5778
5720 5771
5721 5770
5722 5773
5723 5772
5724 5775
5725 1631
5726 5777
5727 5776
5728 1632
5729 1633
5730 1634
5731 1635
5732 3500
5733 1636
5734 3501
5735 3502
5736 3503
5737 3504
5738 3505
5739 1637
5740 3506
5741 3507
5742 2345
5743 2344
5744 2347
5745 2346
5746 2341
5747 2340
5748 2343
5749 2342
5750 2349
5751 2348
5752 2067
5753 3708
5754 3709
5755 1889
5756 1888
5757 1887
5758 1886
5759 3700
5760 1884
5761 1883
5762 1882
5763 3704
5764 3705
5765 2121
5766 2120
5767 2123
5768 2122
5769 2125
5770 2124
5771 4918
5772 4919
5773 4916
5774 4917
5775 4914
5776 4915
5777 4912
5778 4913
5779 4910
5780 4911
5781 5173
5782 5172
5783 5171
5784 5170
5785 5177
5786 5176
5787 5175
5788 5174
5789 5179
5790 5178
5791 133
5792 132
5793 131
5794 130
5795 137
5796 136
5797 135
5798 134
5799 139
5800 138
5801 5924
5802 5339
5803 88
5804 89
5805 82
5806 83
5807 80
5808 81
5809 86
5810 87
5811 84
5812 85
5813 3368
5814 1502
5815 1503
5816 1500
5817 1501
5818 1506
5819 1507
5820 1504
5821 1505
5822 3085
5823 3084
5824 3087
5825 3086
5826 3081
5827 3080
5828 3083
5829 659
5830 3369
5831 3885
5832 3884
5833 3887
5834 3886
5835 3881
5836 3880
5837 3883
5838 3882
5839 3889
5840 3888
5841 2484
5842 1291
5843 1296
5844 6006
5845 6007
5846 6004
5847 6005
5848 6002
5849 6003
5850 6000
5851 6001
5852 1297
5853 6008
5854 6009
5855 995
5856 994
5857 997
5858 996
5859 991
5860 990
5861 993
5862 992
5863 999
5864 998
5865 5098
5866 5099
5867 3579
5868 3578
5869 5090
5870 3574
5871 5092
5872 5093
5873 5094
5874 5095
5875 5096
5876 5097
5877 4497
5878 4496
5879 4495
5880 4494
5881 4493
5882 4492
5883 4491
5884 4490
5885 4499
5886 4498
5887 2938
5888 2939
5889 2936
5890 2937
5891 2934
5892 1397
5893 2932
5894 2933
5895 2930
5896 2931
5897 5326
5898 5327
5899 5324
5900 5325
5901 5322
5902 5323
5903 5320
5904 5321
5905 3799
5906 5328
5907 5329
5908 3797
5909 1839
5910 2161
5911 3168
5912 3169
5913 3166
5914 3167
5915 3164
5916 3165
5917 3162
5918 3163
5919 3160
5920 3161
5921 2154
5922 2155
5923 2404
5924 731
5925 730
5926 733
5927 2405
5928 735
5929 734
5930 737
5931 736
5932 739
5933 2402
5934 2151
5935 4987
5936 2401
5937 2006
5938 1274
5939 4707
5940 4706
5941 4705
5942 4704
5943 4703
5944 4702
5945 2325
5946 4700
5947 2329
5948 2328
5949 4709
5950 2009
5951 3760
5952 3761
5953 3762
5954 3763
5955 3764
5956 3765
5957 3766
5958 3767
5959 3768
5960 3769
5961 1292
5962 1792
5963 1293
5964 1290
5965 2499
5966 2498
5967 4648
5968 4649
5969 4642
5970 4643
5971 4640
5972 4641
5973 4646
5974 4647
5975 4644
5976 4645
5977 1294
5978 1295
5979 5159
5980 5158
5981 5151
5982 5150
5983 5153
5984 5152
5985 5155
5986 5154
5987 5157
5988 5156
5989 115
5990 114
5991 117
5992 116
5993 111
5994 110
5995 113
5996 112
5997 3244
5998 119
5999 118
6000 1748
6001 1749
6002 1744
6003 1745
6004 1746
6005 1747
6006 1740
6007 1741
6008 1742
6009 1743
6010 3308
6011 3309
6012 5494
6013 5495
6014 3304
6015 3305
6016 5490
6017 5491
6018 1568
6019 1569
6020 1298
6021 1299
6022 5492
6023 1560
6024 1561
6025 1562
6026 1563
6027 1564
6028 1565
6029 1566
6030 1567
6031 5638
6032 5639
6033 5634
6034 5635
6035 5636
6036 5637
6037 5630
6038 5631
6039 5632
6040 5633
